pensiveness: (0.084811315, -0.076939434)
serenity: (-0.22185317, 0.1769593)
sadness: (-0.095178716, -0.04110184)
joy: (0.062327653, 0.07952505)
ecstasy: (0.0879568, -0.1424837)
grief: (-0.047081765, 0.16720007)
acceptance: (-0.14575848, 0.1447692)
boredom: (0.24667054, -0.06456961)
trust: (0.1051123, 0.03959592)
disgust: (0.08175722, -0.16723962)
admiration: (0.04882711, -0.15296534)
loathing: (-0.15054098, 0.11843752)
annoyance: (-0.10143862, 0.036245566)
apprehension: (0.057190824, -0.08134955)
fear: (-0.14003055, 0.1244879)
anger: (-0.085408226, 0.0037039549)
rage: (0.12575932, -0.22855853)
terror: (0.03308146, 0.002353456)
distraction: (0.21391006, 0.052723654)
interest: (0.13087626, -0.010330238)
anticipation: (-0.16618755, -0.2013035)
surprise: (0.028713182, -0.15810779)
amazement: (-0.17262912, 0.15352404)
vigilance: (0.12552573, -0.18793426)
